s_h =

    0.1209


w_h =

    2.1332


s_h =

    0.9244


w_h =

    2.7341


s_h =

    1.0920


w_h =

    2.7700


s_h =

    1.0920


w_h =

    2.7700


s_h =

    0.9244


w_h =

    2.7341


s_h =

    0.1209


w_h =

    2.1332


CLine =

   62.8123   41.6614    0.0006    0.0030
   52.1296   48.0378    0.0067    0.0035
   51.6078   48.4895    0.0123    0.0035
   51.6078   48.4895    0.0123    0.0035
   52.1296   48.0378    0.0067    0.0035
   62.8123   41.6614    0.0006    0.0030